100
1028
0.211536 0.236496
0.641859 0.856503
0.313407 0.850103
0.875848 0.727339
0.817205 0.624438
0.558266 0.508175
0.563227 0.823981
0.280357 0.519172
0.196042 0.737725
0.144118 0.98929
0.938631 0.0435356
0.800995 0.0369297
0.536397 0.614371
0.466311 0.71052
0.115378 0.103724
0.650738 0.326914
0.34022 0.292597
0.183417 0.653628
0.1427 0.0592643
0.380967 0.959905
0.683703 0.939233
0.46808 0.246929
0.763214 0.748437
0.766102 0.959256
0.486162 0.91022
0.948546 0.424793
0.953756 0.749541
0.461723 0.490153
0.363912 0.928034
0.200672 0.47929
0.0317575 0.85141
0.806204 0.371978
0.144007 0.989621
0.0256051 0.286707
0.0488849 0.406572
0.246612 0.732587
0.345805 0.714693
0.979517 0.109019
0.46313 0.745618
0.0682751 0.949292
0.655838 0.0168214
0.374085 0.609594
0.766363 0.835807
0.0997464 0.130275
0.763841 0.300419
0.609565 0.795599
0.151829 0.415768
0.167576 0.295836
0.405389 0.193181
0.582543 0.454274
0.599753 0.829156
0.186861 0.945558
0.543849 0.166378
0.0545772 0.00697867
0.911996 0.122852
0.956271 0.567835
0.139674 0.330356
0.177428 0.906036
0.166163 0.277175
0.0363111 0.930004
0.577593 0.645876
0.725603 0.729422
0.0616439 0.89318
0.025258 0.467033
0.0863611 0.607801
0.921306 0.686114
0.436957 0.108168
0.631673 0.980805
0.274545 0.68625
0.987784 0.186542
0.809102 0.944055
0.754376 0.948776
0.274411 0.931805
0.854812 0.440574
0.208979 0.891123
0.370578 0.786573
0.536999 0.0961815
0.515995 0.598643
0.989361 0.541253
0.0656757 0.0757221
0.149054 0.986982
0.761837 0.586011
0.0951497 0.393509
0.566816 0.369695
0.0797592 0.554601
0.556237 0.888861
0.498655 0.310613
0.837637 0.773066
0.242418 0.69245
0.21364 0.451397
0.583573 0.584218
0.23797 0.120572
0.6804 0.753965
0.719215 0.669761
0.295217 0.784891
0.745483 0.444271
0.771873 0.507319
0.0302822 0.867023
0.900829 0.597099
0.236718 0.980588
0 14 1
14 0 1
0 16 1
16 0 1
0 18 1
18 0 1
0 33 1
33 0 1
0 43 1
43 0 1
0 46 1
46 0 1
0 47 1
47 0 1
0 48 1
48 0 1
0 56 1
56 0 1
0 58 1
58 0 1
0 82 1
82 0 1
0 91 1
91 0 1
1 6 1
6 1 1
1 20 1
20 1 1
1 22 1
22 1 1
1 23 1
23 1 1
1 24 1
24 1 1
1 42 1
42 1 1
1 45 1
45 1 1
1 50 1
50 1 1
1 61 1
61 1 1
1 67 1
67 1 1
1 70 1
70 1 1
1 71 1
71 1 1
1 85 1
85 1 1
1 92 1
92 1 1
2 8 1
8 2 1
2 19 1
19 2 1
2 24 1
24 2 1
2 28 1
28 2 1
2 35 1
35 2 1
2 36 1
36 2 1
2 38 1
38 2 1
2 51 1
51 2 1
2 57 1
57 2 1
2 68 1
68 2 1
2 72 1
72 2 1
2 74 1
74 2 1
2 75 1
75 2 1
2 88 1
88 2 1
2 94 1
94 2 1
2 99 1
99 2 1
3 4 1
4 3 1
3 22 1
22 3 1
3 26 1
26 3 1
3 42 1
42 3 1
3 55 1
55 3 1
3 61 1
61 3 1
3 65 1
65 3 1
3 81 1
81 3 1
3 87 1
87 3 1
3 92 1
92 3 1
3 93 1
93 3 1
3 98 1
98 3 1
4 22 1
22 4 1
4 26 1
26 4 1
4 55 1
55 4 1
4 61 1
61 4 1
4 65 1
65 4 1
4 73 1
73 4 1
4 78 1
78 4 1
4 81 1
81 4 1
4 87 1
87 4 1
4 92 1
92 4 1
4 93 1
93 4 1
4 95 1
95 4 1
4 96 1
96 4 1
4 98 1
98 4 1
5 12 1
12 5 1
5 27 1
27 5 1
5 49 1
49 5 1
5 60 1
60 5 1
5 77 1
77 5 1
5 83 1
83 5 1
5 90 1
90 5 1
5 95 1
95 5 1
6 13 1
13 6 1
6 20 1
20 6 1
6 24 1
24 6 1
6 38 1
38 6 1
6 45 1
45 6 1
6 50 1
50 6 1
6 60 1
60 6 1
6 61 1
61 6 1
6 67 1
67 6 1
6 75 1
75 6 1
6 85 1
85 6 1
6 92 1
92 6 1
7 17 1
17 7 1
7 27 1
27 7 1
7 29 1
29 7 1
7 41 1
41 7 1
7 46 1
46 7 1
7 68 1
68 7 1
7 88 1
88 7 1
7 89 1
89 7 1
8 17 1
17 8 1
8 30 1
30 8 1
8 35 1
35 8 1
8 36 1
36 8 1
8 57 1
57 8 1
8 64 1
64 8 1
8 68 1
68 8 1
8 74 1
74 8 1
8 75 1
75 8 1
8 88 1
88 8 1
8 94 1
94 8 1
9 30 1
30 9 1
9 32 1
32 9 1
9 39 1
39 9 1
9 51 1
51 9 1
9 57 1
57 9 1
9 59 1
59 9 1
9 62 1
62 9 1
9 72 1
72 9 1
9 74 1
74 9 1
9 80 1
80 9 1
9 97 1
97 9 1
9 99 1
99 9 1
10 11 1
11 10 1
10 37 1
37 10 1
10 54 1
54 10 1
10 69 1
69 10 1
11 37 1
37 11 1
11 40 1
40 11 1
11 54 1
54 11 1
12 13 1
13 12 1
12 27 1
27 12 1
12 38 1
38 12 1
12 41 1
41 12 1
12 45 1
45 12 1
12 49 1
49 12 1
12 60 1
60 12 1
12 77 1
77 12 1
12 90 1
90 12 1
12 93 1
93 12 1
13 36 1
36 13 1
13 38 1
38 13 1
13 41 1
41 13 1
13 45 1
45 13 1
13 50 1
50 13 1
13 60 1
60 13 1
13 68 1
68 13 1
13 75 1
75 13 1
13 77 1
77 13 1
13 85 1
85 13 1
13 90 1
90 13 1
13 94 1
94 13 1
14 18 1
18 14 1
14 43 1
43 14 1
14 47 1
47 14 1
14 53 1
53 14 1
14 58 1
58 14 1
14 79 1
79 14 1
14 91 1
91 14 1
15 21 1
21 15 1
15 31 1
31 15 1
15 44 1
44 15 1
15 49 1
49 15 1
15 52 1
52 15 1
15 83 1
83 15 1
15 86 1
86 15 1
15 95 1
95 15 1
16 21 1
21 16 1
16 47 1
47 16 1
16 48 1
48 16 1
16 58 1
58 16 1
16 86 1
86 16 1
17 29 1
29 17 1
17 35 1
35 17 1
17 36 1
36 17 1
17 41 1
41 17 1
17 64 1
64 17 1
17 68 1
68 17 1
17 84 1
84 17 1
17 88 1
88 17 1
17 94 1
94 17 1
18 43 1
43 18 1
18 53 1
53 18 1
18 79 1
79 18 1
18 91 1
91 18 1
19 24 1
24 19 1
19 28 1
28 19 1
19 51 1
51 19 1
19 72 1
72 19 1
19 74 1
74 19 1
19 75 1
75 19 1
19 85 1
85 19 1
19 94 1
94 19 1
19 99 1
99 19 1
20 23 1
23 20 1
20 24 1
24 20 1
20 42 1
42 20 1
20 45 1
45 20 1
20 50 1
50 20 1
20 67 1
67 20 1
20 70 1
70 20 1
20 71 1
71 20 1
20 85 1
85 20 1
20 92 1
92 20 1
21 48 1
48 21 1
21 52 1
52 21 1
21 66 1
66 21 1
21 76 1
76 21 1
21 83 1
83 21 1
21 86 1
86 21 1
22 26 1
26 22 1
22 42 1
42 22 1
22 45 1
45 22 1
22 50 1
50 22 1
22 61 1
61 22 1
22 65 1
65 22 1
22 81 1
81 22 1
22 87 1
87 22 1
22 92 1
92 22 1
22 93 1
93 22 1
23 42 1
42 23 1
23 67 1
67 23 1
23 70 1
70 23 1
23 71 1
71 23 1
23 87 1
87 23 1
24 28 1
28 24 1
24 38 1
38 24 1
24 45 1
45 24 1
24 50 1
50 24 1
24 67 1
67 24 1
24 75 1
75 24 1
24 85 1
85 24 1
25 31 1
31 25 1
25 55 1
55 25 1
25 73 1
73 25 1
25 78 1
78 25 1
25 96 1
96 25 1
25 98 1
98 25 1
26 55 1
55 26 1
26 65 1
65 26 1
26 87 1
87 26 1
26 98 1
98 26 1
27 41 1
41 27 1
27 49 1
49 27 1
27 60 1
60 27 1
27 77 1
77 27 1
27 83 1
83 27 1
27 86 1
86 27 1
27 90 1
90 27 1
28 51 1
51 28 1
28 57 1
57 28 1
28 72 1
72 28 1
28 74 1
74 28 1
28 75 1
75 28 1
28 85 1
85 28 1
28 94 1
94 28 1
28 99 1
99 28 1
29 34 1
34 29 1
29 46 1
46 29 1
29 47 1
47 29 1
29 56 1
56 29 1
29 63 1
63 29 1
29 64 1
64 29 1
29 82 1
82 29 1
29 84 1
84 29 1
29 89 1
89 29 1
30 32 1
32 30 1
30 39 1
39 30 1
30 51 1
51 30 1
30 57 1
57 30 1
30 59 1
59 30 1
30 62 1
62 30 1
30 74 1
74 30 1
30 80 1
80 30 1
30 97 1
97 30 1
31 44 1
44 31 1
31 73 1
73 31 1
31 95 1
95 31 1
31 96 1
96 31 1
32 39 1
39 32 1
32 51 1
51 32 1
32 57 1
57 32 1
32 59 1
59 32 1
32 62 1
62 32 1
32 72 1
72 32 1
32 74 1
74 32 1
32 80 1
80 32 1
32 97 1
97 32 1
32 99 1
99 32 1
33 34 1
34 33 1
33 43 1
43 33 1
33 46 1
46 33 1
33 47 1
47 33 1
33 56 1
56 33 1
33 58 1
58 33 1
33 63 1
63 33 1
33 82 1
82 33 1
34 46 1
46 34 1
34 47 1
47 34 1
34 56 1
56 34 1
34 58 1
58 34 1
34 63 1
63 34 1
34 82 1
82 34 1
34 84 1
84 34 1
34 89 1
89 34 1
35 36 1
36 35 1
35 41 1
41 35 1
35 57 1
57 35 1
35 68 1
68 35 1
35 74 1
74 35 1
35 75 1
75 35 1
35 88 1
88 35 1
35 94 1
94 35 1
36 38 1
38 36 1
36 41 1
41 36 1
36 68 1
68 36 1
36 75 1
75 36 1
36 88 1
88 36 1
36 94 1
94 36 1
37 54 1
54 37 1
37 69 1
69 37 1
38 41 1
41 38 1
38 45 1
45 38 1
38 50 1
50 38 1
38 60 1
60 38 1
38 68 1
68 38 1
38 75 1
75 38 1
38 77 1
77 38 1
38 85 1
85 38 1
38 94 1
94 38 1
39 51 1
51 39 1
39 57 1
57 39 1
39 59 1
59 39 1
39 62 1
62 39 1
39 74 1
74 39 1
39 80 1
80 39 1
39 97 1
97 39 1
39 99 1
99 39 1
40 52 1
52 40 1
40 76 1
76 40 1
41 68 1
68 41 1
41 75 1
75 41 1
41 77 1
77 41 1
41 88 1
88 41 1
41 94 1
94 41 1
42 45 1
45 42 1
42 50 1
50 42 1
42 61 1
61 42 1
42 67 1
67 42 1
42 70 1
70 42 1
42 71 1
71 42 1
42 87 1
87 42 1
42 92 1
92 42 1
42 93 1
93 42 1
43 47 1
47 43 1
43 53 1
53 43 1
43 58 1
58 43 1
43 79 1
79 43 1
43 91 1
91 43 1
44 73 1
73 44 1
44 95 1
95 44 1
45 50 1
50 45 1
45 60 1
60 45 1
45 61 1
61 45 1
45 67 1
67 45 1
45 85 1
85 45 1
45 92 1
92 45 1
45 93 1
93 45 1
46 47 1
47 46 1
46 56 1
56 46 1
46 58 1
58 46 1
46 63 1
63 46 1
46 82 1
82 46 1
46 84 1
84 46 1
46 89 1
89 46 1
47 56 1
56 47 1
47 58 1
58 47 1
47 82 1
82 47 1
47 89 1
89 47 1
47 91 1
91 47 1
48 52 1
52 48 1
48 66 1
66 48 1
48 76 1
76 48 1
48 86 1
86 48 1
48 91 1
91 48 1
49 60 1
60 49 1
49 77 1
77 49 1
49 83 1
83 49 1
49 86 1
86 49 1
49 90 1
90 49 1
49 95 1
95 49 1
49 96 1
96 49 1
50 60 1
60 50 1
50 61 1
61 50 1
50 67 1
67 50 1
50 71 1
71 50 1
50 85 1
85 50 1
50 92 1
92 50 1
50 93 1
93 50 1
51 57 1
57 51 1
51 59 1
59 51 1
51 62 1
62 51 1
51 72 1
72 51 1
51 74 1
74 51 1
51 80 1
80 51 1
51 94 1
94 51 1
51 97 1
97 51 1
51 99 1
99 51 1
52 66 1
66 52 1
52 76 1
76 52 1
52 86 1
86 52 1
53 79 1
79 53 1
54 69 1
69 54 1
55 65 1
65 55 1
55 73 1
73 55 1
55 78 1
78 55 1
55 81 1
81 55 1
55 96 1
96 55 1
55 98 1
98 55 1
56 58 1
58 56 1
56 63 1
63 56 1
56 82 1
82 56 1
56 89 1
89 56 1
57 59 1
59 57 1
57 62 1
62 57 1
57 72 1
72 57 1
57 74 1
74 57 1
57 80 1
80 57 1
57 94 1
94 57 1
57 97 1
97 57 1
57 99 1
99 57 1
58 82 1
82 58 1
58 89 1
89 58 1
58 91 1
91 58 1
59 62 1
62 59 1
59 74 1
74 59 1
59 80 1
80 59 1
59 97 1
97 59 1
60 61 1
61 60 1
60 77 1
77 60 1
60 81 1
81 60 1
60 90 1
90 60 1
60 92 1
92 60 1
60 93 1
93 60 1
61 81 1
81 61 1
61 87 1
87 61 1
61 92 1
92 61 1
61 93 1
93 61 1
62 74 1
74 62 1
62 80 1
80 62 1
62 97 1
97 62 1
62 99 1
99 62 1
63 64 1
64 63 1
63 82 1
82 63 1
63 84 1
84 63 1
63 89 1
89 63 1
64 84 1
84 64 1
64 88 1
88 64 1
65 78 1
78 65 1
65 81 1
81 65 1
65 87 1
87 65 1
65 98 1
98 65 1
66 76 1
76 66 1
66 91 1
91 66 1
67 70 1
70 67 1
67 71 1
71 67 1
67 85 1
85 67 1
68 75 1
75 68 1
68 88 1
88 68 1
68 94 1
94 68 1
70 71 1
71 70 1
70 87 1
87 70 1
71 87 1
87 71 1
72 74 1
74 72 1
72 75 1
75 72 1
72 80 1
80 72 1
72 94 1
94 72 1
72 99 1
99 72 1
73 78 1
78 73 1
73 81 1
81 73 1
73 95 1
95 73 1
73 96 1
96 73 1
73 98 1
98 73 1
74 75 1
75 74 1
74 80 1
80 74 1
74 94 1
94 74 1
74 97 1
97 74 1
74 99 1
99 74 1
75 88 1
88 75 1
75 94 1
94 75 1
77 90 1
90 77 1
78 98 1
98 78 1
79 91 1
91 79 1
80 97 1
97 80 1
80 99 1
99 80 1
81 90 1
90 81 1
81 92 1
92 81 1
81 93 1
93 81 1
81 95 1
95 81 1
81 96 1
96 81 1
81 98 1
98 81 1
82 84 1
84 82 1
82 89 1
89 82 1
83 86 1
86 83 1
83 95 1
95 83 1
84 89 1
89 84 1
85 92 1
92 85 1
87 92 1
92 87 1
87 93 1
93 87 1
87 98 1
98 87 1
88 94 1
94 88 1
90 92 1
92 90 1
90 93 1
93 90 1
92 93 1
93 92 1
93 96 1
96 93 1
93 98 1
98 93 1
95 96 1
96 95 1
96 98 1
98 96 1
